Original Data
--------------------------------------------------------------------------------
              Baum  Sitek  Liechti  Regan  Mellor  Gathright  Stacker  Reaves  \
Column1                                                                         
bottomless     5.0    5.0      3.0    5.0     5.0        5.0      4.0     5.0   
nothing        5.0    4.0      2.0    4.0     5.0        5.0      5.0     4.0   
naked apron    5.0    5.0      4.0    4.0     5.0        5.0      3.0     5.0   
under boob     4.0    5.0      4.0    4.0     4.0        4.0      5.0     3.0   
cleavage       4.0    5.0      4.0    4.0     4.0        4.0      5.0     3.0   
cute bra       3.0    4.0      4.0    3.0     4.0        3.0      5.0     4.0   
midriff        4.0    4.0      4.0    2.0     4.0        4.0      5.0     3.0   
thighhighs     3.0    4.0      3.0    4.0     5.0        4.0      4.0     3.0   
naked scarf    5.0    2.0      2.0    5.0     5.0        3.0      4.0     5.0   
oversized      4.0    3.0      3.0    3.0     3.0        4.0      4.0     4.0   
turtleneck     2.0    3.0      3.0    5.0     2.0        2.0      3.0     2.0   
stockings      2.0    5.0      3.0    2.0     5.0        3.0      2.0     3.0   
socks          3.0    4.0      3.0    2.0     5.0        5.0      2.0     1.0   
just a lace    4.0    2.0      4.0    3.0     2.0        3.0      3.0     3.0   
cute dress     1.0    3.0      2.0    3.0     4.0        1.0      3.0     3.0   
formal         3.0    2.0      2.0    3.0     4.0        3.0      2.0     1.0   
naked cloak    2.0    1.0      1.0    5.0     3.0        1.0      3.0     5.0   
barefoot       3.0    4.0      1.0    2.0     3.0        3.0      2.0     2.0   
pasties        1.0    3.0      2.0    1.0     5.0        2.0      3.0     2.0   
bunny suit     2.0    4.0      1.0    4.0     1.0        2.0      1.0     1.0   
cat lingerie   2.0    4.0      2.0    1.0     2.0        1.0      1.0     2.0   
bow            1.0    3.0      1.0    2.0     1.0        2.0      1.0     3.0   
animal ears    3.0    3.0      1.0    1.0     1.0        1.0      1.0     2.0   
cap            1.0    2.0      1.0    2.0     2.0        2.0      1.0     1.0   
gloves         2.0    1.0      3.0    1.0     3.0        1.0      1.0     1.0   

              Patrick  Shadow  
Column1                        
bottomless        4.0     1.0  
nothing           5.0     1.0  
naked apron       2.0     1.0  
under boob        5.0     1.0  
cleavage          5.0     1.0  
cute bra          5.0     1.0  
midriff           4.0     1.0  
thighhighs        3.0     1.0  
naked scarf       1.0     1.0  
oversized         4.0     1.0  
turtleneck        5.0     5.0  
stockings         3.0     1.0  
socks             2.0     1.0  
just a lace       1.0     1.0  
cute dress        5.0     1.0  
formal            4.0     1.0  
naked cloak       2.0     1.0  
barefoot          2.0     1.0  
pasties           3.0     1.0  
bunny suit        2.0     5.0  
cat lingerie      2.0     5.0  
bow               1.0     4.0  
animal ears       1.0     5.0  
cap               4.0     1.0  
gloves            2.0     1.0  


Scaled Data
--------------------------------------------------------------------------------
                 0     1     2     3     4     5     6     7     8     9
Column1                                                                 
bottomless    0.64  0.64 -0.96  0.64  0.64  0.64 -0.16  0.64 -0.16 -2.56
nothing       0.75  0.00 -1.49  0.00  0.75  0.75  0.75  0.00  0.75 -2.24
naked apron   0.80  0.80  0.07  0.07  0.80  0.80 -0.65  0.80 -1.38 -2.11
under boob    0.09  0.97  0.09  0.09  0.09  0.09  0.97 -0.79  0.97 -2.55
cleavage      0.09  0.97  0.09  0.09  0.09  0.09  0.97 -0.79  0.97 -2.55
cute bra     -0.54  0.36  0.36 -0.54  0.36 -0.54  1.26  0.36  1.26 -2.33
midriff       0.45  0.45  0.45 -1.34  0.45  0.45  1.34 -0.45  0.45 -2.24
thighhighs   -0.39  0.59 -0.39  0.59  1.57  0.59  0.59 -0.39 -0.39 -2.35
naked scarf   1.05 -0.80 -0.80  1.05  1.05 -0.19  0.43  1.05 -1.42 -1.42
oversized     0.78 -0.33 -0.33 -0.33 -0.33  0.78  0.78  0.78  0.78 -2.56
turtleneck   -0.96 -0.16 -0.16  1.44 -0.96 -0.96 -0.16 -0.96  1.44  1.44
stockings    -0.74  1.72  0.08 -0.74  1.72  0.08 -0.74  0.08  0.08 -1.56
socks         0.14  0.86  0.14 -0.57  1.57  1.57 -0.57 -1.29 -0.57 -1.29
just a lace   1.37 -0.59  1.37  0.39 -0.59  0.39  0.39  0.39 -1.57 -1.57
cute dress   -1.25  0.31 -0.47  0.31  1.09 -1.25  0.31  0.31  1.87 -1.25
formal        0.49 -0.49 -0.49  0.49  1.46  0.49 -0.49 -1.46  1.46 -1.46
naked cloak  -0.27 -0.94 -0.94  1.74  0.40 -0.94  0.40  1.74 -0.27 -0.94
barefoot      0.78  1.89 -1.44 -0.33  0.78  0.78 -0.33 -0.33 -0.33 -1.44
pasties      -1.09  0.59 -0.25 -1.09  2.27 -0.25  0.59 -0.25  0.59 -1.09
bunny suit   -0.21  1.20 -0.92  1.20 -0.92 -0.21 -0.92 -0.92 -0.21  1.90
cat lingerie -0.16  1.44 -0.16 -0.96 -0.16 -0.96 -0.96 -0.16 -0.16  2.24
bow          -0.86  1.05 -0.86  0.10 -0.86  0.10 -0.86  1.05 -0.86  2.01
animal ears   0.85  0.85 -0.69 -0.69 -0.69 -0.69 -0.69  0.08 -0.69  2.38
cap          -0.78  0.33 -0.78  0.33  0.33  0.33 -0.78 -0.78  2.56 -0.78
gloves        0.50 -0.75  1.75 -0.75  1.75 -0.75 -0.75 -0.75  0.50 -0.75


New Components in Terms of Old Components
--------------------------------------------------------------------------------
              PC-0  PC-1  PC-2  PC-3  PC-4
Column1                                   
bottomless   -0.25 -0.13  0.09 -0.29 -0.03
nothing      -0.25 -0.01 -0.02 -0.21 -0.14
naked apron  -0.19 -0.28  0.25 -0.08  0.08
under boob   -0.26  0.12 -0.04 -0.01 -0.26
cleavage     -0.26  0.12 -0.04 -0.01 -0.26
cute bra     -0.24  0.14 -0.17  0.05  0.04
midriff      -0.25  0.02  0.03  0.23 -0.18
thighhighs   -0.26 -0.01  0.10 -0.12  0.12
naked scarf  -0.14 -0.34 -0.07 -0.21  0.26
oversized    -0.24 -0.11 -0.16 -0.05 -0.23
turtleneck    0.16  0.30 -0.24 -0.16 -0.11
stockings    -0.18  0.14  0.34 -0.01  0.27
socks        -0.18  0.02  0.39  0.14 -0.05
just a lace  -0.10 -0.41 -0.09  0.19 -0.14
cute dress   -0.15  0.33 -0.17 -0.17  0.30
formal       -0.19  0.21 -0.01 -0.00 -0.05
naked cloak  -0.07 -0.16 -0.31 -0.39  0.37
barefoot     -0.17 -0.01  0.40 -0.25 -0.16
pasties      -0.18  0.23  0.15  0.08  0.38
bunny suit    0.21  0.12  0.17 -0.30 -0.20
cat lingerie  0.21  0.15  0.30  0.02  0.09
bow           0.22 -0.03  0.20 -0.29  0.07
animal ears   0.24 -0.03  0.24 -0.05 -0.05
cap          -0.10  0.41 -0.04 -0.17 -0.13
gloves       -0.10  0.09  0.01  0.46  0.31


Variance Explained by Each Component
--------------------------------------------------------------------------------
[0.4489164  0.15452127 0.11726734 0.09231606 0.06339354]
Total Variance Explained: 0.8764146233530865


New Matrix for Everyone in New Components
--------------------------------------------------------------------------------
   PC-0  PC-1  PC-2  PC-3  PC-4
0 -0.81 -2.60  0.43  0.57 -1.30
1 -0.68  1.37  3.42 -1.21 -0.74
2  0.28 -0.46 -0.76  3.53  0.26
3  0.39 -0.59 -1.84 -2.54 -0.02
4 -3.71  0.98  1.62  0.47  2.73
5 -1.62 -1.12  1.41  0.07 -1.60
6 -2.01 -0.45 -1.96  0.37 -0.55
7  0.32 -2.46 -0.96 -1.39  1.61
8 -1.54  4.50 -1.93 -0.13 -0.72
9  9.38  0.84  0.57  0.27  0.34
