Original Data
--------------------------------------------------------------------------------
              Baum  Sitek  Liechti  Regan  Mellor  Gathright  Stacker  Reaves  \
Column1                                                                         
bottomless     5.0    5.0      3.0    5.0     5.0        5.0      4.0     5.0   
nothing        5.0    4.0      2.0    4.0     5.0        5.0      5.0     4.0   
naked apron    5.0    5.0      4.0    4.0     5.0        5.0      3.0     5.0   
under boob     4.0    5.0      4.0    4.0     4.0        4.0      5.0     3.0   
cleavage       4.0    5.0      4.0    4.0     4.0        4.0      5.0     3.0   
cute bra       3.0    4.0      4.0    3.0     4.0        3.0      5.0     4.0   
midriff        4.0    4.0      4.0    2.0     4.0        4.0      5.0     3.0   
naked scarf    5.0    2.0      2.0    5.0     5.0        3.0      4.0     5.0   
thighhighs     3.0    4.0      3.0    4.0     5.0        4.0      4.0     3.0   
oversized      4.0    3.0      3.0    3.0     3.0        4.0      4.0     4.0   
turtleneck     2.0    3.0      3.0    5.0     2.0        2.0      3.0     2.0   
stockings      2.0    5.0      3.0    2.0     5.0        3.0      2.0     3.0   
socks          3.0    4.0      3.0    2.0     5.0        5.0      2.0     1.0   
just a lace    4.0    2.0      4.0    3.0     2.0        3.0      3.0     3.0   
cute dress     1.0    3.0      2.0    3.0     4.0        1.0      3.0     3.0   
naked cloak    2.0    1.0      1.0    5.0     3.0        1.0      3.0     5.0   
pasties        1.0    3.0      2.0    1.0     5.0        2.0      3.0     2.0   
formal         3.0    2.0      2.0    3.0     4.0        3.0      2.0     1.0   
bunny suit     2.0    4.0      1.0    4.0     1.0        2.0      1.0     1.0   
barefoot       3.0    4.0      1.0    2.0     3.0        3.0      2.0     2.0   
cat lingerie   2.0    4.0      2.0    1.0     2.0        1.0      1.0     2.0   
bow            1.0    3.0      1.0    2.0     1.0        2.0      1.0     3.0   
animal ears    3.0    3.0      1.0    1.0     1.0        1.0      1.0     2.0   
cap            1.0    2.0      1.0    2.0     2.0        2.0      1.0     1.0   
gloves         2.0    1.0      3.0    1.0     3.0        1.0      1.0     1.0   

              Patrick  Colton  Shadow  
Column1                                
bottomless        4.0     5.0     1.0  
nothing           5.0     4.0     1.0  
naked apron       2.0     5.0     1.0  
under boob        5.0     5.0     1.0  
cleavage          5.0     5.0     1.0  
cute bra          5.0     4.0     1.0  
midriff           4.0     3.0     1.0  
naked scarf       1.0     5.0     1.0  
thighhighs        3.0     2.0     1.0  
oversized         4.0     3.0     1.0  
turtleneck        5.0     3.0     5.0  
stockings         3.0     2.0     1.0  
socks             2.0     2.0     1.0  
just a lace       1.0     4.0     1.0  
cute dress        5.0     2.0     1.0  
naked cloak       2.0     4.0     1.0  
pasties           3.0     4.0     1.0  
formal            4.0     1.0     1.0  
bunny suit        2.0     3.0     5.0  
barefoot          2.0     2.0     1.0  
cat lingerie      2.0     3.0     5.0  
bow               1.0     1.0     4.0  
animal ears       1.0     1.0     5.0  
cap               4.0     1.0     1.0  
gloves            2.0     1.0     1.0  


Scaled Data
--------------------------------------------------------------------------------
                0     1     2     3     4     5     6     7     8     9     10
Column1                                                                       
bottomless    0.60  0.60 -1.05  0.60  0.60  0.60 -0.22  0.60 -0.22  0.60 -2.70
nothing       0.78  0.00 -1.56  0.00  0.78  0.78  0.78  0.00  0.78  0.00 -2.35
naked apron   0.74  0.74  0.00  0.00  0.74  0.74 -0.74  0.74 -1.48  0.74 -2.22
under boob    0.00  0.89  0.00  0.00  0.00  0.00  0.89 -0.89  0.89  0.89 -2.66
cleavage      0.00  0.89  0.00  0.00  0.00  0.00  0.89 -0.89  0.89  0.89 -2.66
cute bra     -0.60  0.34  0.34 -0.60  0.34 -0.60  1.28  0.34  1.28  0.34 -2.47
midriff       0.51  0.51  0.51 -1.35  0.51  0.51  1.44 -0.42  0.51 -0.42 -2.28
naked scarf   0.96 -0.90 -0.90  0.96  0.96 -0.28  0.34  0.96 -1.52  0.96 -1.52
thighhighs   -0.26  0.69 -0.26  0.69  1.64  0.69  0.69 -0.26 -0.26 -1.21 -2.16
oversized     0.84 -0.32 -0.32 -0.32 -0.32  0.84  0.84  0.84  0.84 -0.32 -2.64
turtleneck   -0.99 -0.15 -0.15  1.52 -0.99 -0.99 -0.15 -0.99  1.52 -0.15  1.52
stockings    -0.69  1.83  0.15 -0.69  1.83  0.15 -0.69  0.15  0.15 -0.69 -1.52
socks         0.20  0.94  0.20 -0.54  1.68  1.68 -0.54 -1.28 -0.54 -0.54 -1.28
just a lace   1.21 -0.69  1.21  0.26 -0.69  0.26  0.26  0.26 -1.64  1.21 -1.64
cute dress   -1.25  0.37 -0.44  0.37  1.18 -1.25  0.37  0.37  1.99 -0.44 -1.25
naked cloak  -0.36 -1.03 -1.03  1.64  0.30 -1.03  0.30  1.64 -0.36  0.97 -1.03
pasties      -1.18  0.44 -0.37 -1.18  2.06 -0.37  0.44 -0.37  0.44  1.25 -1.18
formal        0.60 -0.34 -0.34  0.60  1.53  0.60 -0.34 -1.28  1.53 -1.28 -1.28
bunny suit   -0.27  1.20 -1.00  1.20 -1.00 -0.27 -1.00 -1.00 -0.27  0.47  1.93
barefoot      0.84  2.00 -1.48 -0.32  0.84  0.84 -0.32 -0.32 -0.32 -0.32 -1.48
cat lingerie -0.22  1.42 -0.22 -1.05 -0.22 -1.05 -1.05 -0.22 -0.22  0.60  2.25
bow          -0.80  1.15 -0.80  0.18 -0.80  0.18 -0.80  1.15 -0.80 -0.80  2.12
animal ears   0.93  0.93 -0.65 -0.65 -0.65 -0.65 -0.65  0.14 -0.65 -0.65  2.51
cap          -0.72  0.41 -0.72  0.41  0.41  0.41 -0.72 -0.72  2.68 -0.72 -0.72
gloves        0.58 -0.70  1.86 -0.70  1.86 -0.70 -0.70 -0.70  0.58 -0.70 -0.70


New Components in Terms of Old Components
--------------------------------------------------------------------------------
              PC-0  PC-1  PC-2  PC-3  PC-4
Column1                                   
bottomless   -0.25 -0.15  0.08 -0.29 -0.04
nothing      -0.26  0.00 -0.01 -0.20 -0.18
naked apron  -0.19 -0.27  0.26 -0.09  0.07
under boob   -0.26  0.06 -0.09 -0.06  0.15
cleavage     -0.26  0.06 -0.09 -0.06  0.15
cute bra     -0.24  0.09 -0.21  0.03  0.30
midriff      -0.25  0.05  0.04  0.23  0.06
naked scarf  -0.14 -0.36 -0.04 -0.18 -0.02
thighhighs   -0.24  0.07  0.14 -0.08 -0.16
oversized    -0.25 -0.09 -0.12 -0.02 -0.17
turtleneck    0.17  0.27 -0.29 -0.17 -0.10
stockings    -0.18  0.19  0.32 -0.04  0.23
socks        -0.17  0.09  0.41  0.13 -0.15
just a lace  -0.10 -0.42 -0.05  0.18 -0.00
cute dress   -0.15  0.31 -0.22 -0.18  0.20
naked cloak  -0.07 -0.23 -0.30 -0.36  0.10
pasties      -0.17  0.14  0.05  0.01  0.49
formal       -0.18  0.27  0.02  0.04 -0.44
bunny suit    0.21  0.08  0.11 -0.34 -0.04
barefoot     -0.17  0.04  0.40 -0.27 -0.05
cat lingerie  0.21  0.12  0.23 -0.05  0.38
bow           0.22  0.01  0.21 -0.27  0.04
animal ears   0.24  0.01  0.25 -0.06  0.01
cap          -0.10  0.41 -0.08 -0.18 -0.20
gloves       -0.10  0.14  0.04  0.47 -0.01


Variance Explained by Each Component
--------------------------------------------------------------------------------
[42.5, 15.5, 11.6, 8.9, 6.2]
Total Variance Explained: 0.85


New Matrix for Everyone in New Components
--------------------------------------------------------------------------------
    PC-0  PC-1  PC-2  PC-3  PC-4
0  -0.84 -2.18  1.05  0.78 -1.59
1  -0.65  1.71  3.15 -1.66  1.40
2   0.32 -0.21 -0.53  3.65  0.49
3   0.49 -0.59 -1.71 -2.29 -1.73
4  -3.66  1.42  1.66  0.54  0.47
5  -1.64 -0.53  1.87  0.22 -1.94
6  -2.06 -0.55 -1.93  0.47  0.47
7   0.26 -2.44 -0.66 -1.13  0.83
8  -1.51  4.52 -2.43 -0.19 -0.40
9  -0.32 -2.13 -1.02 -0.66  2.05
10  9.62  1.00  0.55  0.27 -0.04
